1.5109
1.5026
1.5257
1.4677
1.4862
1.5226
1.5006
1.5359
1.5102
1.5347
1.487
1.5034
1.5012
1.522
1.5043
1.4961
1.5128
1.5065
1.5159
1.5042
1.496
1.51
1.5169
1.5127
1.5538
1.5244
1.4985
1.5169
1.4998
1.5074
1.4955
1.5587
1.5046
1.4475
1.5094
1.5077
1.4862
1.5101
1.5246
1.5476
1.4534
1.5
1.5133
1.4985
1.4984
1.4974
1.5196
1.4979
1.5373
1.5003
1.4947
1.5099
1.5218
1.5101
1.491
1.5062
1.5225
1.4829
1.514
1.4534
1.5114
1.48
1.4877
1.4744
1.4989
1.492
1.5263
1.5158
1.4824
1.4822
1.5125
1.4782
1.4874
1.4939
1.4898
1.4762
1.5074
1.5143
1.4856
1.4602
1.4359
1.5066
1.4738
1.4892
1.4825
1.5105
1.4851
1.4781
1.479
1.5199
1.4739
1.4888
1.4834
1.4835
1.4978
1.5415
1.5181
1.4924
1.4692
1.48
1.4993
1.4655
1.4974
1.4939
1.4695
1.4753
1.4859
1.4714
1.5019
1.473
1.4731
1.4652
1.4819
1.4733
1.5031
1.4861
1.4685
1.4849
1.4682
1.4712
1.4639
1.5026
1.4596
1.4687
1.4787
1.4632
1.4615
1.4788
1.5198
1.4618
1.4655
1.4895
1.464
1.4829
1.4775
1.4603
1.5106
1.4588
1.4743
1.4375
1.4847
1.4608
1.4263
1.4833
1.4185
1.4781
1.4918
1.4308
1.4929
1.4872
1.4342
1.4189
1.4532
1.4634
1.4776
1.4649
1.456
1.4692
1.5001
1.4625
1.4919
1.4554
1.4527
1.4428
1.469
1.4738
1.4533
1.4719
1.4923
1.4606
1.5167
1.4582
1.4795
1.4509
1.4517
1.4711
1.4957
1.4735
1.4627
1.4559
1.457
1.4516
1.4546
1.4599
1.4862
1.4502
1.458
1.4784
1.4661
1.4835
1.455
1.4739
1.4558
1.4682
1.4518
1.4557
1.4623
1.4503
1.4497
1.4568
1.4531
1.4556
1.4447
1.4477
1.4497
1.4445
1.4453
1.4625
1.4459
1.4407
1.4545
1.4582
1.4511
1.4546
1.4462
1.4648
1.4462
1.4473
1.4851
1.4597
1.4534
1.4474
1.4438
1.4527
1.4245
1.4386
1.451
1.4484
1.4437
1.4477
1.4558
1.4457
1.4408
1.4401
1.4567
1.4348
1.4384
1.4496
1.4429
1.4374
1.4417
1.4339
1.4431
1.4372
1.4391
1.4406
1.4507
1.4532
1.4575
1.4638
1.4353
1.4339
1.4593
1.4455
1.4405
1.4562
1.4452
1.463
1.4454
1.4406
1.4326
1.4359
1.436
1.4235
1.4394
1.4369
1.4436
1.4373
1.4383
1.452
1.4365
1.444
1.4436
1.4395
1.4029
1.432
1.4417
1.4304
1.4612
1.3942
1.3973
1.4319
1.4343
1.434
1.444
1.4512
1.4344
1.4277
1.4378
1.4223
1.4157
1.3869
1.4439
1.4511
1.4458
1.4541
1.4287
1.4391
1.4565
1.4212
1.4715
1.4212
1.4247
1.4305
1.442
1.4349
1.4319
1.4253
1.4333
1.4335
1.4312
1.4377
1.4326
1.4386
1.4465
1.4383
1.4477
1.4223
1.4342
1.4236
1.4266
1.4398
1.431
1.4045
1.4356
1.4299
1.4203
1.4282
1.4441
1.4511
1.4304
1.4298
1.4578
1.4434
1.4161
1.4316
1.4399
1.4253
1.4714
1.4411
1.427
1.4406
1.4274
1.4352
1.4362
1.4203
1.4092
1.4327
1.4238
1.4094
1.4462
1.4277
1.4276
1.4489
1.3989
1.4187
1.4273
1.4265
1.4245
1.4423
1.4863
1.4327
1.4358
1.421
1.4313
1.4216
1.4254
1.4157
1.4367
1.4299
1.4186
1.4281
1.4174
1.4266
1.4308
1.4222
1.4404
1.3917
1.4535
1.4314
1.4158
1.4372
1.4076
1.4207
1.4118
1.424
1.4273
1.4097
1.4329
1.4331
1.4232
1.4394
1.4257
1.4565
1.4364
1.431
1.4273
1.4215
1.4193
1.4242
1.3824
1.4315
1.4166
1.4241
1.4241
1.4199
1.4047
1.4249
1.4133
1.4232
1.4226
1.4205
1.4167
1.4382
1.4189
1.4114
1.4253
1.4221
1.4137
1.4193
1.4079
1.426
1.4156
1.416
1.4172
1.4232
1.4189
1.4153
1.422
1.4152
1.4105
1.4334
1.4198
1.42
1.427
1.4242
1.4256
1.4146
1.4186
1.4135
1.4145
1.4081
1.4086
1.411
1.4284
1.4113
1.4286
1.4139
1.4157
1.4135
1.4126
1.4112
1.4175
1.399
1.4074
1.4301
1.4166
1.4179
1.4095
1.406
1.4108
1.4099
1.4087
1.4122
1.4263
1.4136
1.4363
1.4147
1.4167
1.4153
1.4383
1.4121
1.4126
1.4166
1.4112
1.4167
1.4153
1.4174
1.4067
1.4141
1.4323
1.412
1.4475
1.409
1.4125
1.4626
1.4127
1.4138
1.4216
1.4122
1.3871
1.4272
1.4202
1.4145
1.4232
1.4039
1.4101
1.4044
1.4091
1.4137
1.4105
1.4089
1.4086
1.3831
1.4025
1.411
1.4203
1.39
1.4222
1.4098
1.4089
1.4126
1.4152
1.4054
1.407
1.4193
1.4059
1.4054
1.4033
1.4117
1.4094
1.4315
1.4012
1.4038
1.416
1.4222
1.4292
1.4089
1.4116
1.4152
1.4053
1.4057
1.4235
1.3839
1.423
1.4153
1.4329
1.4054
1.4077
1.4253
1.44
1.4094
1.4129
1.4055
1.4081
1.4124
1.4184
1.4264
1.4124
1.4198
1.4206
1.4146
1.417
1.4034
1.4169
1.4481
1.4033
1.4062
1.4354
1.4177
1.4088
1.4151
1.3987
1.4141
1.4003
1.3618
1.395
1.4197
1.4088
1.4232
1.3994
1.4441
1.4074
1.3683
1.4213
1.4469
1.4377
1.4119
1.4123
1.4475
1.4525
1.434
1.4115
1.4023
1.4034
1.3973
1.4025
1.3998
1.4008
1.3999
1.4109
1.4154
1.4263
1.4172
1.4056
1.4034
1.4
1.4267
1.4022
1.4213
1.3982
1.4009
1.4043
1.3696
1.3919
1.4001
1.4018
1.3999
1.4244
1.4073
1.4161
1.4112
1.411
1.4059
1.4009
1.4036
1.3995
1.4025
1.3792
1.3679
1.3996
1.4061
1.4084
1.3813
1.4306
1.3882
1.402
1.431
1.3959
1.4036
1.4046
1.3989
1.3949
1.4084
1.4029
1.3766
1.3988
1.4011
1.397
1.4024
1.399
1.3989
1.3886
1.3996
1.3969
1.4211
1.4186
1.4241
1.4072
1.4074
1.4053
1.3956
1.3981
1.4051
1.4081
1.4073
1.3922
1.4013
1.4018
1.4065
1.4027
1.3928
1.4014
1.4015
1.4134
1.4202
1.4019
1.4062
1.4013
1.3961
1.3999
1.4138
1.3898
1.4002
1.4022
1.3965
1.4201
1.4071
1.389
1.3891
1.4166
1.3935
1.4015
1.3974
1.4062
1.4085
1.3992
1.41
1.4055
1.3975
1.3921
1.4071
1.4069
1.3896
1.4191
1.4057
1.4232
1.3947
1.3976
1.3918
1.3691
1.4217
1.3958
1.3956
1.3949
1.4375
1.3926
1.42
1.3959
1.4045
1.4044
1.4096
1.3996
1.4363
1.3909
1.3926
1.3964
1.3858
1.4021
1.3992
1.405
1.3965
1.4025
1.3944
1.3963
1.441
1.3958
1.3928
1.419
1.4111
1.4383
1.4262
1.4064
1.3919
1.396
1.3803
1.4058
1.4421
1.3916
1.3881
1.3978
1.3976
1.4141
1.3911
1.4087
1.3955
1.3974
1.3841
1.4078
1.3919
1.4023
1.4022
1.3844
1.3992
1.3954
1.4022
1.3974
1.3893
1.393
1.4021
1.4125
1.4008
1.4033
1.4135
1.4027
1.3902
1.4126
1.436
1.3948
1.3948
1.3629
1.3941
1.3996
1.4011
1.42
1.3911
1.3985
1.4016
1.3968
1.4
1.3969
1.3987
1.4139
1.396
1.395
1.3909
1.4511
1.3915
1.3955
1.4015
1.3949
1.4339
1.3981
1.4019
1.4105
1.4221
1.391
1.3941
1.3947
1.3911
1.4155
1.3955
1.3913
1.3906
1.3924
1.3999
1.3896
1.4065
1.3913
1.3967
1.4047
1.3954
1.399
1.3984
1.4008
1.3915
1.4018
1.4035
1.4076
1.3969
1.3902
1.3939
1.3913
1.3919
1.4033
1.3798
1.3888
1.397
1.4479
1.3854
1.3905
1.3945
1.4131
1.3895
1.4008
1.4011
1.3885
1.389
1.4051
1.3639
1.3914
1.4243
1.3998
1.3947
1.3916
1.403
1.3942
1.4225
1.3965
1.3912
1.3889
1.3923
1.4103
1.3906
1.3958
1.4342
1.3989
1.3922
1.3941
1.39
1.3904
1.4098
1.3904
1.3916
1.3915
1.3921
1.3845
1.4166
1.3908
1.3937
1.3904
1.3919
1.4057
1.4058
1.3907
1.4018
1.3942
1.4037
1.3869
1.388
1.3897
1.3937
1.381
1.3944
1.3907
1.3867
1.3811
1.4018
1.39
1.3778
1.3855
1.3928
1.3897
1.3898
1.388
1.3978
1.3862
1.4012
1.4175
1.3901
1.3922
1.4113
1.3894
1.3915
1.3891
1.3696
1.3923
1.394
1.3901
1.3898
1.4139
1.4083
1.3924
1.3936
1.3935
1.3927
1.4331
1.3915
1.3997
1.3896
1.3932
1.3926
1.3903
1.39
1.3915
1.391
1.394
1.3929
1.3936
1.3902
1.4617
1.3896
1.3906
1.3902
1.3907
1.3894
1.3539
1.3888
1.39
1.3961
1.39
1.3851
1.4437
1.3923
1.4059
1.3916
1.3893
1.4074
1.4025
1.3893
1.395
1.3932
1.3886
1.3843
1.3927
1.3904
1.3925
1.395
1.3912
1.4013
1.392
1.3992
1.3975
1.3906
1.3907
1.3916
1.3986
1.3919
1.3886
1.3972
1.4272
1.3809
1.393
1.3831
1.3948
1.4009
1.3894
1.4007
1.3933
1.3933
1.3913
1.3935
1.4016
1.4297
1.4148
1.3918
1.3891
1.3929
1.3872
1.3874
1.397
1.3903
1.4063
1.3925
1.392
1.3902
1.4069
1.3854
1.3873
1.4019
1.3893
1.3886
1.3876
1.3938
1.4067
1.3889
1.3894
1.3898
1.3895
1.3862
1.393
1.393
1.3887
1.3911
1.3916
1.3938
1.3913
1.3888
1.3633
1.3902
1.4122
1.3899
1.3943
1.4298
1.4093
1.433
1.3895
1.3902
1.3874
1.3851
1.3905
1.389
1.3961
1.3893
1.3833
1.3912
1.3886
1.4082
1.3902
1.393
1.3899
1.3826
1.3965
1.3887
1.3949
1.3883
1.4002
1.3895
1.4103
1.4053
1.3921
1.3883
1.4215
1.3881
1.3923
1.3882
1.3882
1.391
1.3847
1.4065
1.3943
1.39
1.4521
1.4168
1.3896
1.3894
1.4121
1.3909
1.433
1.3871
1.4001
1.3891
1.3907
1.3874
1.3991
1.4026
1.3747
1.3899
1.399
1.3911
1.4025
1.4036
1.3874
1.4169
1.3876
1.4232
1.3879
1.4026
1.396
1.4035
1.4061
1.3875
1.402
1.379
1.3898
1.3901
1.3871
1.4048
1.3913
1.3979
1.3977
1.3887
1.3838
1.3874
1.39
1.3879
1.3875
1.3909
1.4036
1.3921
1.4005
1.387
1.3812
1.3871
1.3871
1.3929
1.3877
1.3874
1.3918
1.3875
1.3872
1.4009
1.3819
1.3928
1.3875
1.3866
1.3874
1.3855
1.4001
1.3867
1.4125
1.391
1.3897
1.3912
1.3914
1.3875
1.3993
1.3981
1.4064
1.3876
1.3874
1.3959
1.3736
1.3936
1.4053
1.3962
1.3878
1.4169
1.3895
1.3972
1.3888
1.3803
1.397
1.412
1.4396
1.3871
1.3868
1.3904
1.3912
1.4031
1.3865
1.399
1.3798
1.3985
1.39
1.3869
1.3868
1.4531
1.3975
1.3872
1.3862
1.4261
1.3869
1.3896
1.3891
1.3929
1.3878
1.4011
1.3873
1.3939
1.405
1.3869
1.3844
1.3876
1.3873
1.3871
1.3872
1.3872
1.387
1.3869
1.4005
1.3938
1.4014
1.3868
1.3918
1.3885
1.3854
1.3897
1.387
1.4021
1.3946
1.3871
1.3942
1.3857
1.3936
1.389
1.3885
1.3873
1.3874
1.3871
1.3872
1.3872
1.387
1.3803
1.3873
1.3876
1.3645
1.4249
1.3869
1.3876
1.3872
1.3867
1.3925
1.3919
1.3872
1.388
1.3867
1.387
1.3872
1.4028
1.3867
1.4076
1.3428
1.3867
1.3873
1.3867
1.4037
1.3924
1.3844
1.3965
1.3762
1.3928
1.3957
1.3874
1.3868
1.3939
1.3934
1.3926
1.3869
1.3855
1.3867
1.388
1.3877
1.3902
1.3881
1.3869
1.4049
1.3949
1.3967
1.3877
1.3933
1.3871
1.3961
1.3863
1.404
1.3947
1.3952
1.3883
1.3946
1.3516
1.3931
1.3674
1.3932
1.393
1.3933
1.4115
1.392
1.3871
1.3965
1.3834
1.3975
1.3866
1.3851
1.3865
1.4149
1.3865
1.3878
1.4074
1.3997
1.3904
1.3773
1.3891
1.3927
1.3876
1.3927
1.3816
1.4012
1.3781
1.3734
1.3825
1.4011
1.3687
1.3869
1.3942
1.393
1.3877
1.3864
1.404
1.384
1.3861
1.3898
1.3879
1.3866
1.3872
1.3893
1.3941
1.3931
1.3982
1.3977
1.3889
1.385
1.3949
1.3873
1.3864
1.393
1.3897
1.3879
1.397
1.3953
1.3889
1.3883
1.3892
1.3874
1.3954
1.3947
1.3881
1.3897
1.3882
1.3983
1.3872
1.4046
1.3949
1.388
1.3876
1.3867
1.3933
1.3914
1.3874
1.3868
1.3934
1.3939
1.3891
1.3891
1.3871
1.4145
1.4062
1.3877
1.3863
1.3883
1.3846
1.3893
1.3811
1.4362
1.388
1.4002
1.3917
1.3876
1.3869
1.3877
1.3936
1.3906
1.3867
1.3871
1.3886
1.387
1.3878
1.3861
1.3902
1.416
1.3944
1.3865
1.3865
1.3518
1.3885
1.3866
1.3898
1.3885
1.3994
1.3901
1.3864
1.3849
1.3876
1.3859
1.3845
1.3871
1.3868
1.386
1.3884
1.3863
1.3865
1.3883
1.3713
1.3894
1.387
1.3903
1.3929
1.3918
1.3928
1.3915
1.3865
1.387
1.3829
1.3882
1.3931
1.387
1.3935
1.3882
1.3887
1.3897
1.4003
1.3865
1.3852
1.3864
1.3853
1.3869
1.4072
1.3868
1.3899
1.3869
1.3865
1.3785
1.3864
1.3843
1.3874
1.3849
1.3868
1.3875
1.387
1.3878
1.389
1.3856
1.3927
1.3855
1.3863
1.3867
1.3887
1.3951
1.3884
1.3688
1.365
1.3869
1.3883
1.396
1.3978
1.3865
1.3957
1.3864
1.3868
1.4034
1.3867
1.388
1.3869
1.3931
1.3897
1.3868
1.3945
1.3928
1.3865
1.3978
1.3889
1.3863
1.387
1.3945
1.3902
1.4009
1.3864
1.3853
1.3877
1.3876
1.3871
1.3867
1.3871
1.3864
1.3879
1.3999
1.3907
1.3897
1.3865
1.3866
1.3867
1.3883
1.3917
1.3861
1.3868
1.3879
1.3869
1.3869
1.3869
1.3869
1.387
1.4073
1.398
1.387
1.3867
1.3867
1.3915
1.4213
1.3894
1.386
1.3865
1.3867
1.3919
1.3868
1.3866
1.3885
1.4052
1.3677
1.3872
1.3896
1.3877
1.387
1.3874
1.3866
1.3865
1.4125
1.386
1.3876
1.3869
1.3803
1.38
1.3878
1.3871
1.3929
1.3886
1.3976
1.3865
1.3864
1.3865
1.387
1.3996
1.3951
1.3865
1.3868
1.3874
1.3761
1.3877
1.3868
1.3995
1.3868
1.3865
1.3865
1.3867
1.3869
1.3874
1.4301
1.3849
1.3902
1.3869
1.387
1.4073
1.3566
1.3923
1.3865
1.3873
1.3912
1.3866
1.3896
1.3866
1.3892
1.3913
1.3866
1.3864
1.3867
1.3867
1.4018
1.3865
1.3881
1.3863
1.3889
1.3952
1.4056
1.387
1.3899
1.3889
1.3863
1.3869
1.3897
1.4441
1.3866
1.3903
1.3797
1.3815
1.3917
1.389
1.3864
1.3975
1.3906
1.384
1.4063
1.3868
1.3896
1.415
1.3936
1.4091
1.394
1.387
1.3866
1.3923
1.3861
1.3865
1.388
1.3869
1.368
1.3874
1.3859
1.3861
1.3868
1.3943
1.4189
1.3872
1.3869
1.3872
1.3866
1.3872
1.3866
1.3931
1.3865
1.3943
1.3918
1.3941
1.4093
1.39
1.3864
1.3851
1.3868
1.3945
1.3893
1.3871
1.4074
1.3867
1.3874
1.3975
1.3864
1.3866
1.3959
1.3904
1.3865
1.3906
1.3868
1.3871
1.3869
1.3892
1.3864
1.3946
1.3911
1.3868
1.3915
1.3709
1.3916
1.3826
1.4353
1.3887
1.3865
1.3852
1.3874
1.3873
1.3889
1.3864
1.3898
1.4208
1.3873
1.3869
1.38
1.3918
1.3893
1.3863
1.389
1.3868
1.3864
1.391
1.3758
1.3979
1.3874
1.3942
1.3864
1.3862
1.3865
1.3873
1.3865
1.3878
1.387
1.3873
1.3807
1.3901
1.407
1.3872
1.3999
1.4054
1.3889
1.3867
1.3864
1.392
1.3894
1.3974
1.3876
1.3869
1.3866
1.3942
1.3949
1.3867
1.3885
1.3865
1.3896
1.392
1.4318
1.3874
1.3938
1.4152
1.3887
1.4237
1.3918
1.3868
1.3931
1.4271
1.3866
1.3873
1.3934
1.3965
1.386
1.3912
1.3866
1.3937
1.3865
1.387
1.3863
1.3883
1.3909
1.3955
1.3863
1.3871
1.3873
1.3947
1.3858
1.3865
1.4194
1.4336
1.3886
1.389
1.3908
1.399
1.3891
1.3872
1.3954
1.3836
1.3959
1.4299
1.3867
1.3933
1.3745
1.3864
1.3865
1.3907
1.4036
1.3869
1.387
1.3868
1.3917
1.3769
1.4055
1.3866
1.3844
1.3862
1.3863
1.4083
1.3852
1.3864
1.3905
1.3926
1.3891
1.3877
1.3852
1.3881
1.4147
1.3865
1.3849
1.3867
1.3864
1.3909
1.3972
1.39
1.3905
1.3895
1.4029
1.3942
1.3859
1.3931
1.3619
1.3873
1.4143
1.3862
1.3868
1.3955
1.3869
1.3889
1.3866
1.3932
1.348
1.3866
1.3865
1.3865
1.3875
1.3923
1.3869
1.3993
1.3864
1.388
1.3932
1.3964
1.387
1.3866
1.3987
1.3956
1.3945
1.3865
1.388
1.424
1.3902
1.3866
1.3865
1.416
1.3859
1.3863
1.3864
1.3864
1.4055
1.3866
1.3983
1.3885
1.3854
1.3871
1.3865
1.3835
1.3943
1.3874
1.4276
1.4079
1.3864
1.3862
1.3866
1.3886
1.3863
1.3866
1.3879
1.3786
1.3972
1.3866
1.3871
1.3866
1.3854
1.3935
1.3864
1.3881
1.3865
1.3899
1.3863
1.4158
1.3868
1.3875
1.4081
1.3963
1.395
1.3865
1.3875
1.3869
1.3836
1.3923
1.3881
1.3954
1.3864
1.387
1.3871
1.3865
1.3866
1.3854
1.3867
1.393
1.3931
1.3874
1.3863
1.387
1.3869
1.3864
1.4052
1.3872
1.3865
1.4013
1.3863
1.3873
1.3866
1.4002
1.3864
1.3869
1.3882
1.3766
1.3865
1.3875
1.3864
1.3814
1.4015
1.3901
1.3865
1.3935
1.3973
1.3904
1.3904
1.3851
1.3875
1.3888
1.3865
1.3974
1.3659
1.3927
1.3814
1.3783
1.3865
1.3881
1.395
1.3937
1.3863
1.3947
1.3888
1.3867
1.3633
1.3937
1.3904
1.3895
1.387
1.3863
1.3863
1.3838
1.3827
1.3864
1.3865
1.4016
1.3967
1.3883
1.385
1.3998
1.3926
1.3713
1.3863
1.3975
1.4071
1.3876
1.3883
1.3864
1.386
1.3989
1.387
1.4293
1.3867
1.384
1.3877
1.4051
1.3882
1.3877
1.3916
1.3955
1.3868
1.3867
1.3852
1.3865
1.3878
1.3923
1.3909
1.3818
1.3872
1.3864
1.3905
1.3942
1.387
1.3895
1.3918
1.3874
1.3865
1.3907
1.3874
1.3897
1.3862
1.3864
1.3863
1.3867
1.4167
1.3872
1.3862
1.388
1.3893
1.4041
1.3841
1.3874
1.3863
1.3864
1.3953
1.4216
1.3877
1.3867
1.3875
1.4309
1.3865
1.3862
1.3872
1.3873
1.3866
1.387
1.4211
1.3931
1.3877
1.3872
1.4375
1.3863
1.3885
1.3849
1.4026
1.3865
1.3865
1.3882
1.3871
1.4064
1.3862
1.3877
1.3865
1.4119
1.3865
1.3863
1.3865
1.3864
1.4128
1.3898
1.382
1.3963
1.3947
1.4104
1.3889
1.3859
1.398
1.3884
1.3863
1.3876
1.387
1.3869
1.3872
1.3873
1.4482
1.388
1.3886
1.3866
1.3867
1.3927
1.3873
1.3894
1.3771
1.3943
1.3875
1.3785
1.3867
1.398
1.3861
1.3864
1.3869
1.4057
1.3869
1.3902
1.3922
1.3894
1.3964
1.3865
1.3976
1.4048
1.3894
1.3881
1.3865
1.3992
1.3873
1.3874
1.3875
1.3814
1.3873
1.3895
1.3864
1.3881
1.3859
1.3871
1.3863
1.3784
1.3961
1.387
1.3915
1.39
1.3866
1.3865
1.39
1.3878
1.3938
1.3859
1.3862
1.3873
1.3911
1.3867
1.3869
1.3863
1.3879
1.3885
1.3859
1.3965
1.3923
1.3866
1.3925
1.3837
1.4161
1.3867
1.3865
1.3935
1.3791
1.3863
1.3872
1.4058
1.3893
1.3956
1.3866
1.3805
1.3908
1.3874
1.3873
1.389
1.3865
1.3895
1.3908
1.4139
1.3868
1.3861
1.3863
1.3899
1.39
1.3778
1.3865
1.3953
1.3867
1.3877
1.4005
1.3864
1.3889
1.3899
1.3772
1.3905
1.3907
1.3854
1.3947
1.3603
1.4026
1.3931
1.3865
1.3863
1.3911
1.4059
1.3841
1.3862
1.4152
1.3866
1.3865
1.3879
1.3863
1.3879
1.3957
1.3686
1.387
1.3869
1.3942
1.3873
1.3883
1.3915
1.3845
1.3722
1.3952
1.3863
1.3873
1.3869
1.3884
1.3944
1.3874
1.3866
1.3934
1.3914
1.3891
1.3863
1.406
1.387
1.3898
1.3912
1.3906
1.3804
1.3866
1.3964
1.4081
1.391
1.3854
1.387
1.4098
1.3871
1.387
1.4005
1.3982
1.3864
1.3869
1.3866
1.3879
1.4011
1.3961
1.387
1.3862
1.3864
1.3983
1.3866
1.4003
1.3864
1.3897
1.3878
1.3979
1.4148
1.3863
1.3898
1.3836
1.3983
1.3884
1.3865
1.3879
1.3857
1.3912
1.3893
1.391
1.3862
1.3918
1.3927
1.3916
1.3863
1.3871
1.3914
1.3898
1.3968
1.4012
1.3949
1.3929
1.3979
1.3771
1.3828
1.3913
1.3862
1.3859
1.3998
1.3866
1.3856
1.3881
1.3926
1.3837
1.3916
1.4015
1.3844
1.3863
1.3865
1.3867
1.405
1.3903
1.3871
1.3867
1.4177
1.3926
1.3877
1.387
1.3827
1.395
1.3965
1.3956
1.3864
1.3941
1.3867
1.3868
1.3866
1.3851
1.3935
1.3867
1.3865
1.3902
1.3877
1.3867
1.3874
1.3898
1.3902
1.3991
1.3883
1.3882
1.3866
1.4053
1.3906
1.3981
1.3967
1.3863
1.3915
1.3942
1.3977
1.3865
1.3893
1.3986
1.3898
1.3984
1.3865
1.3874
1.3865
1.3896
1.405
1.3873
1.4124
1.3869
1.4026
1.3895
1.3948
1.3867
1.3864
1.3599
1.3914
1.3858
1.3873
1.3908
1.3868
1.3965
1.3873
1.3863
1.4338
1.3868
1.3957
1.3975
1.3874
1.4013
1.3868
1.3754
1.3879
1.4033
1.3947
1.3931
1.3866
1.3863
1.3872
1.3859
1.3885
1.3882
1.3976
1.3864
1.3867
1.3866
1.3901
1.3986
1.3891
1.3865
1.3865
1.3863
1.3978
1.3919
1.3868
1.3969
1.4156
1.3888
1.3866
1.3877
1.3821
1.3941
1.387
1.3864
1.3864
1.39
1.3901
1.3872
1.3863
1.3867
1.3862
1.3881
1.3915
1.3949
1.3951
1.3869
1.3859
1.3863
1.3864
1.3974
1.3866
1.3887
1.3867
1.3926
1.3864
1.3896
1.3867
1.3969
1.3864
1.4098
1.3925
1.3866
1.3939
1.3857
1.3863
1.389
1.3894
1.392
1.3884
1.3891
1.3844
1.3863
1.4021
1.3967
1.3867
1.3865
1.3885
1.3919
1.3864
1.3867
1.3966
1.3955
1.3805
1.4371
1.3896
1.3842
1.411
1.3869
1.3969
1.3868
1.3877
1.3851
1.3881
1.3855
1.3869
1.3897
1.3857
1.3886
1.3868
1.3881
1.3868
1.3891
1.3925
1.3865
1.3868
1.3866
1.3855
1.3873
1.3889
1.3864
1.3862
1.3867
1.391
1.3969
1.4081
1.3866
1.3899
1.3866
1.3875
1.3863
1.387
1.3887
1.388
1.3966
1.3977
1.3939
1.4026
1.3854
1.3865
1.3887
1.387
1.3863
1.3866
1.3868
1.3884
1.3879
1.3945
1.3891
1.3852
1.3867
1.3892
1.3881
1.3862
1.4183
1.3878
1.3901
1.4064
1.395
1.3859
1.3947
1.388
1.3916
1.3865
1.4166
1.3864
1.402
1.3783
1.3878
1.3862
1.3888
1.3872
1.3945
1.3842
1.3848
1.3871
1.3939
1.4089
1.3866
1.388
1.3863
1.3869
1.4011
1.3869
1.3586
1.3879
1.3865
1.3863
1.3672
1.3878
1.3873
1.4019
1.3916
1.3882
1.4014
1.3967
1.3895
1.3873
1.3867
1.3774
1.3965
1.3869
1.3922
1.3952
1.3868
1.403
1.3864
1.3467
1.4513
1.3937
1.3878
1.3861
1.3865
1.3773
1.387
1.3863
1.4066
1.3858
1.3954
1.3863
1.3965
1.3947
1.3868
1.3863
1.4032
1.3873
1.3864
1.3888
1.3822
1.3865
1.3861
1.3863
1.3884
1.3928
1.3928
1.3916
1.3854
1.4181
1.387
1.4195
1.4287
1.3785
1.4048
1.3864
1.3949
1.388
1.4386
1.3954
1.3865
1.3866
1.4103
1.388
1.3889
1.3858
1.3868
1.4105
1.3864
1.3933
1.3888
1.4171
1.3966
1.3978
1.3879
1.3862
1.3889
1.3866
1.3864
1.3863
1.3864
1.3857
1.3909
1.3881
1.3856
1.3875
1.4007
1.3877
1.3892
1.3868
1.3862
1.4033
1.3915
1.3861
1.3866
1.3987
1.3834
1.3871
1.3793
1.3904
1.3866
1.3922
1.3865
1.3873
1.3927
1.3921
1.3864
1.389
1.3864
1.3867
1.3863
1.3865
1.3868
1.3863
1.3943
1.3879
1.3892
1.408
1.3868
1.3863
1.387
1.394
1.3862
1.3878
1.3949
1.3969
1.3867
1.3938
1.384
1.3888
1.3873
1.3864
1.3897
1.3864
1.397
1.3868
1.3932
1.3956
1.3866
1.3898
1.3857
1.4046
1.4205
1.4009
1.3943
1.3893
1.3868
1.3866
1.402
1.3872
1.3863
1.4026
1.4027
1.3942
1.3877
1.4127
1.3863
1.377
1.3867
1.3906
1.3914
1.4257
1.3952
1.3856
1.393
1.3879
1.3871
1.3873
1.3915
1.3887
1.3876
1.3879
1.3859
1.4081
1.3943
1.3934
1.3884
1.3906
1.3817
1.3869
1.3899
1.3786
1.3926
1.4069
1.3854
1.393
1.3846
1.3858
1.3993
1.4118
1.3918
1.3887
1.3907
1.3887
1.3866
1.3921
1.3943
1.3865
1.4036
1.3773
1.3781
1.3883
1.398
1.3859
1.3947
1.387
1.4126
1.3861
1.3941
1.3858
1.3925
1.4084
1.3881
1.3919
1.3918
1.3871
1.3868
1.3864
1.3921
1.3855
1.4015
1.3879
1.3865
1.3868
1.3863
1.4068
1.3942
1.3867
1.3923
1.3914
1.3865
1.4108
1.3859
1.3865
1.3883
1.3863
1.3862
1.4137
1.3874
1.3926
1.3865
1.4165
1.4004
1.3863
1.3883
1.3811
1.3913
1.3924
1.3864
1.3901
1.4059
1.3881
1.3949
1.385
1.3865
1.3992
1.3997
1.3951
1.3895
1.3933
1.3857
1.403
1.3873
1.3939
1.3872
1.3865
1.3872
1.3881
1.3931
1.4016
1.3868
1.3862
1.3874
1.4075
1.3947
1.4389
1.3905
1.3862
1.4088
1.4076
1.4129
1.3867
1.3886
1.3994
1.3943
1.3903
1.3865
1.3876
1.3918
1.3947
1.3866
1.3876
1.4016
1.3941
1.3838
1.3864
1.4003
1.3864
1.391
1.3942
1.3876
1.3976
1.386
1.3863
1.3879
1.3638
1.4
1.3868
1.4051
1.3689
1.3906
1.3851
1.3931
1.4069
1.3892
1.3913
1.3866
1.3935
1.3847
1.3948
1.397
1.3901
1.3821
1.3986
1.3967
1.3895
1.388
1.4065
1.3855
1.3865
1.4273
1.4076
1.4396
1.3847
1.3863
1.3868
1.3862
1.3925
1.3866
1.4061
1.396
1.3938
1.3948
1.3833
1.427
1.3881
1.3825
1.3908
1.3867
1.3893
1.3869
1.3964
1.3866
1.3895
1.3618
1.3883
1.3901
1.3986
1.3866
1.3866
1.3867
1.3828
1.386
1.3903
1.3863
1.4438
1.3865
1.4023
1.3998
1.3728
1.3913
1.3911
1.3607
1.3959
1.3862
1.407
1.3927
1.3866
1.3865
1.3864
1.3896
1.3863
1.3919
1.3867
1.3898
1.3885
1.3864
1.387
1.3863
1.3964
1.3749
1.4006
1.3647
1.3877
1.3871
1.386
1.3958
1.3888
1.3863
1.4014
1.4295
1.3867
1.3884
1.3863
1.3942
1.3795
1.3863
1.3839
1.3861
1.3861
1.3863
1.3962
1.3868
1.3874
1.4115
1.3865
1.3975
1.3904
1.4059
1.39
1.3866
1.3924
1.3868
1.3871
1.3925
1.3859
1.3929
1.4111
1.3873
1.3859
1.3869
1.3968
1.3863
1.3865
1.3863
1.3868
1.3923
1.3849
1.389
1.3968
1.387
1.3938
1.3871
1.4065
1.391
1.3954
1.406
1.4302
1.4
1.3961
1.3901
1.3863
1.3871
1.387
1.3837
1.3974
1.3848
1.3823
1.3867
1.3862
1.3921
1.3861
1.3864
1.3871
1.3865
1.3866
1.3928
1.3919
1.3823
1.3982
1.3946
1.3948
1.387
1.3864
1.3866
1.3899
1.3863
1.3938
1.3864
1.3864
1.3891
1.3937
1.3868
1.3914
1.3954
1.394
1.3821
1.3976
1.3871
1.3916
1.3871
1.3867
1.3619
1.3888
1.393
1.3869
1.3946
1.4077
1.3827
1.3946
1.384
1.3832
1.3866
1.388
1.3903
1.3862
1.3863
1.3835
1.3762
1.3865
1.3871
1.3866
1.3926
1.3864
1.3865
1.4023
1.3869
1.3855
1.4034
1.3794
1.392
1.3863
1.3872
1.3876
1.4024
1.3941
1.4006
1.3955
1.3867
1.4042
1.3872
1.396
1.3853
1.3917
1.3869
1.3911
1.3899
1.3867
1.387
1.3864
1.3914
1.388
1.391
1.3827
1.4078
1.3863
1.3567
1.3915
1.3866
1.389
1.3864
1.3882
1.3872
1.3852
1.3894
1.3942
1.3892
1.3875
1.3858
1.421
1.3954
1.3863
1.387
1.3881
1.3628
1.3871
1.3891
1.3864
1.4513
1.3893
1.4027
1.3919
1.3866
1.3863
1.4066
1.3862
1.3836
1.3773
1.3863
1.3865
1.3932
1.3924
1.4042
1.3841
1.4338
1.3852
1.3879
1.3894
1.3826
1.3929
1.3889
1.3915
1.3894
1.3644
1.3863
1.386
1.3814
1.3865
1.3857
1.3914
1.3963
1.3863
1.3854
1.4292
1.4004
1.3866
1.3955
1.3946
1.391
1.3894
1.4067
1.3863
1.4102
1.399
1.3875
1.3971
1.3863
1.3931
1.4054
1.3711
1.3922
1.3947
1.354
1.3938
1.3803
1.3919
1.3884
1.3874
1.3965
1.4032
1.3872
1.3894
1.3839
1.3866
1.3857
1.3864
1.4017
1.4028
1.347
1.3958
1.3852
1.3939
1.3862
1.3883
1.4092
1.3862
1.3868
1.3961
1.3864
1.39
1.405
1.3864
1.3913
1.3848
1.3858
1.3881
1.3864
1.3869
1.3857
1.3937
1.3865
1.3967
1.3873
1.3946
1.393
1.39
1.3907
1.3871
1.4019
1.3865
1.4018
1.4053
1.3912
1.3864
1.3965
1.3987
1.3872
1.3881
1.3854
1.3856
1.4107
1.397
1.3771
1.3894
1.387
1.3711
1.3957
1.3844
1.3948
1.402
1.3912
1.3966
1.3864
1.3995
1.3866
1.3885
1.3952
1.3957
1.3876
1.3916
1.3858
1.388
1.3996
1.3939
1.3874
1.3865
1.3875
1.3776
1.3863
1.3897
1.3869
1.3523
1.3886
1.3851
1.396
1.3863
1.3908
1.3864
1.3893
1.3862
1.3894
1.3865
1.3896
1.3844
1.3916
1.3898
1.3869
1.3865
1.3901
1.3867
1.39
1.387
1.3932
1.402
1.3938
1.3865
1.3862
1.3866
1.3989
1.3865
1.3883
1.4013
1.4054
1.3866
1.3951
1.3749
1.3901
1.3816
1.4419
1.3781
1.3894
1.3861
1.3916
1.3863
1.3828
1.3586
1.413
1.3893
1.3963
1.3863
1.3852
1.3984
1.3881
1.391
1.3899
1.3859
1.3902
1.3943
1.3839
1.3941
1.3873
1.3877
1.391
1.386
1.3897
1.3811
1.3865
1.3667
1.3866
1.3869
1.3887
1.3864
1.3843
1.3847
1.3863
1.3993
1.3864
1.3899
1.3884
1.3865
1.3887
1.3929
1.3852
1.372
1.3812
1.4
1.3828
1.3869
1.3849
1.395
1.3712
1.3873
1.3853
1.3693
1.4076
1.3991
1.3868
1.4073
1.3863
1.3947
1.3554
1.3833
1.3863
1.3839
1.3858
1.3939
1.3885
1.3886
1.3869
1.3865
1.3937
1.3955
1.3737
1.3955
1.4219
1.3958
1.3878
1.3874
1.3864
1.3909
1.3868
1.3817
1.3894
1.4236
1.4071
1.3876
1.3866
1.3851
1.4078
1.3864
1.3872
1.3916
1.3888
1.3862
1.3923
1.3868
1.3813
1.3863
1.4026
1.4085
1.3929
1.3872
1.3896
1.3962
1.397
1.3881
1.3983
1.387
1.3882
1.3948
1.3996
1.3965
1.3859
1.4006
1.3863
1.3883
1.3864
1.3863
1.3868
1.4094
1.3869
1.3962
1.3936
1.3886
1.3887
1.3861
1.3912
1.387
1.3863
1.4
1.3657
1.3864
1.3875
1.3726
1.3864
1.3915
1.3956
1.399
1.3909
1.3859
1.4508
1.3972
1.3876
1.4123
1.3938
1.3871
1.3865
1.3935
1.3826
1.4092
1.394
1.3874
1.3861
1.3869
1.3872
1.3973
1.3874
1.4042
1.3907
1.396
1.4007
1.4043
1.3881
1.386
1.3866
1.3871
1.3862
1.3875
1.3903
1.3923
1.3867
1.4011
1.3867
1.4021
1.3871
1.3861
1.4078
1.384
1.408
1.3782
1.3945
1.3859
1.3833
1.3896
1.3867
1.3889
1.3866
1.3972
1.3885
1.3565
1.3897
1.4134
1.3932
1.3999
1.388
1.3867
1.3883
1.3936
1.3878
1.4103
1.3911
1.4264
1.4021
1.387
1.3827
1.3923
1.4029
1.3868
1.3937
1.3994
1.3857
1.3903
1.3743
1.3864
1.3938
1.3864
1.3789
1.3866
1.3802
1.3856
1.3873
1.3962
1.3862
1.3865
1.3791
1.3874
1.4009
1.386
1.3867
1.3921
1.3952
1.3895
1.3889
1.3917
1.3871
1.3872
1.3868
1.4091
1.4054
1.396
1.3863
1.3863
1.3869
1.3869
1.4027
1.389
1.3897
1.3916
1.3953
1.3867
1.3889
1.3835
1.3865
1.3844
1.3899
1.3902
1.382
1.3864
1.3897
1.3872
1.3803
1.4007
1.3814
1.3965
1.3872
1.3673
1.3795
1.3881
1.3852
1.3981
1.394
1.3883
1.3888
1.3863
1.3863
1.3856
1.3866
1.389
1.3871
1.4031
1.4021
1.3912
1.3995
1.3888
1.3948
1.3815
1.3876
1.3947
1.3852
1.3864
1.3863
1.388
1.3871
1.3909
1.3867
1.3914
1.3912
1.3984
1.3866
1.3868
1.3922
1.3922
1.3932
1.3858
1.3891
1.3867
1.3946
1.401
1.3869
1.3879
1.3898
1.3865
1.3897
1.3863
1.3963
1.3882
1.3863
1.3863
1.3884
1.3865
1.3888
1.3915
1.3887
1.3865
1.3884
1.3802
1.3867
1.4146
1.3864
1.3864
1.386
1.4178
1.3897
1.3863
1.39
1.4094
1.3858
1.3891
1.3913
1.3857
1.3882
1.3867
1.3864
1.3867
1.3864
1.3865
1.4061
1.3867
1.3863
1.3916
1.3864
1.3904
1.3863
1.3912
1.3867
1.3864
1.3882
1.3985
1.3983
1.3866
1.3909
1.3914
1.3864
1.3861
1.3911
1.3928
1.3875
1.3863
1.4047
1.3866
1.3874
1.3865
1.3888
1.3882
1.3877
1.398
1.3885
1.3879
1.3915
1.3956
1.4142
1.3873
1.3887
1.4031
1.3742
1.3907
1.4112
1.3949
1.3889
1.3863
1.3895
1.4446
1.3863
1.388
1.3965
1.3962
1.3866
1.3864
1.3989
1.3858
1.3922
1.3865
1.387
1.3863
1.3838
1.3865
1.4074
1.3939
1.3867
1.3869
1.3887
1.3865
1.3868
1.3865
1.397
1.4004
1.3866
1.3828
1.4078
1.3886
1.3903
1.4181
1.3916
1.3866
1.3918
1.3926
1.3846
1.399
1.3836
1.3868
1.3912
1.3957
1.3865
1.3906
1.39
1.3864
1.3872
1.3865
1.3863
1.3874
1.3781
1.394
1.4054
1.3865
1.3572
1.3881
1.3764
1.3982
1.3962
1.39
1.389
1.3977
1.4101
1.3983
1.3875
1.392
1.3884
1.3896
1.3866
1.4166
1.3897
1.3894
1.4002
1.3867
1.3915
1.3917
1.4443
1.3871
1.388
1.406
1.3864
1.3962
1.3864
1.4026
1.3866
1.3866
1.3866
1.3981
1.3694
1.3884
1.3889
1.3859
1.401
1.3671
1.3853
1.3869
1.3866
1.39
1.403
1.3858
1.3907
1.3924
1.4066
1.387
1.3934
1.4005
1.4009
1.3864
1.3569
1.3869
1.404
1.3872
1.386
1.3869
1.3863
1.3941
1.3866
1.4165
1.402
1.3861
1.3937
1.3862
1.3864
1.3765
1.3883
1.3862
1.387
1.386
1.3854
1.3951
1.3983
1.3824
1.3863
1.4012
1.3688
1.3902
1.3964
1.381
1.3942
1.3849
1.3955
1.3886
1.3866
1.3858
1.3975
1.3867
1.3946
1.3861
1.3821
1.3864
1.3875
1.3863
1.3855
1.3907
1.3997
1.3694
1.386
1.3864
1.3864
1.395
1.3937
1.4037
1.3923
1.3915
1.3867
1.3867
1.3991
1.3861
1.3864
1.3893
1.387
1.3751
1.3786
1.3873
1.3864
1.3942
1.3947
1.3917
1.3937
1.3945
1.3863
1.4057
1.3371
1.3907
1.3869
1.423
1.3864
1.4229
1.3831
1.384
1.3868
1.3876
1.4047
1.3888
1.4053
1.3933
1.3865
1.3864
1.3868
1.3846
1.392
1.3863
1.3841
1.3862
1.387
1.3867
1.3862
1.3866
1.3913
1.3865
1.3851
1.3864
1.3864
1.3881
1.3872
1.3942
1.3864
1.3927
1.3864
1.3889
1.422
1.3909
1.3838
1.3823
1.3642
1.394
1.3862
1.3829
1.394
1.3873
1.3889
1.3929
1.3806
1.3869
1.3895
1.3892
1.3973
1.3905
1.3864
1.3931
1.3862
1.3962
1.3866
1.3866
1.3864
1.3888
1.3875
1.3887
1.3878
1.3961
1.3877
1.4341
1.3866
1.4042
1.3877
1.4001
1.3871
1.3916
1.386
1.3961
1.3869
1.4002
1.3922
1.3878
1.3906
1.3865
1.3883
1.3865
1.387
1.3876
1.3974
1.3869
1.3889
1.387
1.3968
1.3879
1.376
1.3865
1.3898
1.388
1.3907
1.3881
1.3933
1.3886
1.3898
1.3868
1.3867
1.3865
1.3915
1.3868
1.3866
1.3931
1.392
1.3811
1.4052
1.3928
1.3931
1.3826
1.3877
1.4024
1.3865
1.3892
1.3924
1.397
1.3833
1.3902
1.3783
1.3929
1.388
1.3874
1.3638
1.3863
1.3868
1.3965
1.3956
1.3893
1.3919
1.388
1.3865
1.3915
1.3864
1.3901
1.4027
1.3859
1.3873
1.3864
1.3866
1.3998
1.3929
1.3882
1.3877
1.3907
1.3866
1.3878
1.3859
1.3889
1.3841
1.3841
1.3863
1.3865
1.3942
1.41
1.3877
1.3867
1.3869
1.387
1.3806
1.3908
1.3867
1.3898
1.3866
1.3875
1.4035
1.3882
1.39
1.3559
1.3916
1.3869
1.3872
1.3887
1.3871
1.3871
1.3864
1.3914
1.387
1.3923
1.391
1.3938
1.4071
1.3861
1.3875
1.389
1.4018
1.3866
1.3917
1.3876
1.3866
1.389
1.3865
1.3864
1.3855
1.3978
1.3883
1.3773
1.393
1.3867
1.3953
1.3869
1.3865
1.394
1.3869
1.3927
1.3863
1.3886
1.3876
1.3593
1.3879
1.4074
1.3941
1.3861
1.3865
1.3932
1.4119
1.3862
1.3802
1.4061
1.3912
1.3865
1.3944
1.3864
1.3871
1.4
1.3866
1.3869
1.3872
1.3888
1.3907
1.3972
1.3864
1.3884
1.3866
1.393
1.4093
1.3872
1.3866
1.3886
1.3875
1.3866
1.3913
1.3905
1.3608
1.3785
1.3865
1.3955
1.3969
1.3942
1.3867
1.3927
1.3967
1.3872
1.3875
1.3915
1.4013
1.3979
1.3947
1.3914
1.3867
1.3992
1.3862
1.3906
1.3867
1.3923
1.3887
1.3779
1.3735
1.3875
1.3902
1.3876
1.3922
1.3883
1.4021
1.3866
1.3962
1.3889
1.3855
1.3923
1.3548
1.3885
1.3761
1.3892
1.3888
1.3963
1.3862
1.391
1.3895
1.3357
1.3865
1.3911
1.392
1.3867
1.3856
1.3896
1.3906
1.3903
1.3839
1.3909
1.3755
1.3866
1.3913
1.3828
1.3894
1.3943
1.3882
1.3873
1.3864
1.3865
1.3867
1.3975
1.3881
1.3994
1.3878
1.3904
1.3883
1.3772
1.3874
1.3886
1.3863
1.3865
1.3923
1.3896
1.3867
1.4041
1.3942
1.3919
1.4138
1.4094
1.3925
1.3864
1.3868
1.3819
1.3864
1.3867
1.4071
1.3872
1.3876
1.3882
1.3864
1.3961
1.3932
1.3871
1.3868
1.3866
1.3898
1.4074
1.3871
1.3874
1.3877
1.3871
1.3866
1.4028
1.3958
1.3867
1.3935
1.3853
1.3755
1.392
1.3871
1.3863
1.3773
1.401
1.3855
1.3865
1.3871
1.3912
1.4213
1.3876
1.3807
1.3862
1.387
1.3868
1.3944
1.3867
1.387
1.3819
1.3911
1.3892
1.3949
1.3864
1.3873
1.3867
1.3866
1.39
1.3927
1.3888
1.3864
1.3889
1.3871
1.3869
1.4011
1.3865
1.3882
1.3862
1.3938
1.3864
1.3968
1.3961
1.3874
1.394
1.3896
1.3866
1.3864
1.3865
1.3842
1.387
1.3864
1.401
1.3864
1.3861
1.3874
1.3871
1.3785
1.3866
1.3864
1.3865
1.3896
1.3877
1.3865
1.3897
1.3907
1.3937
1.3881
1.3871
1.404
1.3898
1.3868
1.3881
1.387
1.3863
1.3867
1.3885
1.3885
1.3873
1.3866
1.3864
1.3863
1.3849
1.3864
1.3869
1.3864
1.3895
1.4072
1.3905
1.3961
1.4001
1.3897
1.4037
1.3864
1.3865
1.4075
1.3865
1.3894
1.3864
1.4009
1.3874
1.3864
1.3997
1.3863
1.3863
1.3937
1.3863
1.3917
1.3867
1.3865
1.3899
1.3864
1.3863
1.3996
1.3865
1.3864
1.3933
1.3855
1.3928
1.3954
1.3864
1.3945
1.3834
1.3893
1.3868
1.3909
1.3904
1.3865
1.3868
1.3865
1.3869
1.3877
1.3865
1.392
1.3864
1.3864
1.3889
1.4044
1.3865
1.4139
1.4007
1.3901
1.3865
1.3865
1.3922
1.3895
1.3921
1.3784
1.3864
1.3865
1.3882
1.3869
1.3865
1.3866
1.401
1.3882
1.3879
1.3879
1.4005
1.3946
1.4032
1.3864
1.3864
1.4031
1.3859
1.3864
1.4145
1.3965
1.3864
1.3866
1.3903
1.3885
1.3865
1.3863
1.387
1.4072
1.3871
1.4007
1.3878
1.3778
1.3876
1.3864
1.378
1.3991
1.3866
1.3867
1.3876
1.3873
1.3828
1.3925
1.3898
1.3867
1.385
1.3941
1.3864
1.3873
1.3859
1.3881
1.3888
1.3872
1.4033
1.3864
1.3966
1.3823
1.3945
1.3982
1.3873
1.3909
1.4023
1.3866
1.3866
1.4034
1.403
1.3865
1.3864
1.3869
1.3865
1.3904
1.4028
1.393
1.3865
1.3983
1.3863
1.3914
1.3901
1.3989
1.3886
1.3865
1.3897
1.3893
1.3865
1.387
1.3933
1.3866
1.3866
1.3865
1.3869
1.3848
1.3879
1.3864
1.3865
1.3868
1.3864
1.3865
1.3941
1.3848
1.4019
1.3803
1.3864
1.3892
1.3937
1.382
1.417
1.3862
1.3931
1.3876
1.392
1.3894
1.3869
1.3865
1.3873
1.3866
1.3852
1.3868
1.3858
1.3863
1.3868
1.3864
1.4321
1.3846
1.3889
1.3792
1.3896
1.3886
1.3882
1.3882
1.3872
1.3864
1.3868
1.3866
1.3961
1.3876
1.3875
1.3867
1.4576
1.3885
1.3994
1.3869
1.3865
1.4247
1.387
1.3864
1.3865
1.3849
1.3935
1.3856
1.4167
1.3909
1.3913
1.3862
1.3942
1.3976
1.4132
1.382
1.3864
1.3896
1.381
1.3866
1.3944
1.3865
1.3937
1.3813
1.373
1.3905
1.3862
1.4038
1.3918
1.3877
1.3881
1.3874
1.4066
1.3864
1.3863
1.3872
1.3865
1.3863
1.3866
1.3887
1.3779
1.3866
1.3865
1.382
1.3925
1.3863
1.4171
1.4052
1.3809
1.3864
1.3658
1.3863
1.4277
1.3865
1.3857
1.3865
1.3839
1.3882
1.4126
1.3873
1.3866
1.3875
1.3866
1.3891
1.3874
1.388
1.3868
1.3891
1.3876
1.3876
1.3869
1.3869
1.3869
1.4003
1.3878
1.4058
1.3921
1.3862
1.3872
1.3895
1.3866
1.3866
1.3827
1.3867
1.3687
1.3878
1.3873
1.3914
1.3864
1.3999
1.3931
1.3942
1.3869
1.3853
1.3973
1.3808
1.3856
1.3922
1.3887
1.389
1.3866
1.3937
1.4033
1.3864
1.3869
1.3835
1.3912
1.3982
1.4125
1.3916
1.3863
1.3898
1.4112
1.4011
1.3869
1.4071
1.3864
1.3866
1.3867
1.4006
1.4092
1.3862
1.3899
1.3889
1.3866
1.3872
1.4001
1.3862
1.3864
1.3865
1.3988
1.3918
1.3922
1.4127
1.3751
1.3873
1.3917
1.3864
1.3918
1.4055
1.3916
1.3865
1.3864
1.3871
1.4034
1.3624
1.3864
1.3872
1.3863
1.3921
1.3847
1.3864
1.3872
1.3953
1.3861
1.3892
1.4126
1.3727
1.3917
1.387
1.3868
1.4015
1.386
1.394
1.3871
1.3864
1.3873
1.3865
1.3933
1.3946
1.391
1.3918
1.3866
1.3923
1.3864
1.3833
1.3929
1.3858
1.3866
1.3864
1.398
1.3865
1.3878
1.3864
1.3864
1.3713
1.3889
1.3957
1.3868
1.3882
1.3967
1.3844
1.3882
1.3912
1.3907
1.3902
1.3883
1.3798
1.3927
1.3869
1.3866
1.3868
1.3853
1.4324
1.3868
1.3877
1.4036
1.3812
1.3869
1.3884
1.3868
1.389
1.3945
1.3751
1.4035
1.3855
1.3871
1.3923
1.3876
1.3811
1.3968
1.3874
1.3862
1.4043
1.3886
1.3877
1.3869
1.3867
1.3812
1.3899
1.3881
1.3905
1.3861
1.3859
1.3876
1.3876
1.3937
1.3865
1.3866
1.3884
1.3873
1.4117
1.3864
1.3873
1.3994
1.3898
1.4003
1.3868
1.3873
1.3852
1.388
1.4127
1.3869
1.4165
1.3808
1.3912
1.3827
1.3677
1.3861
1.3953
1.4015
1.3865
1.3865
1.3866
1.3867
1.3963
1.3859
1.3891
1.3883
1.3871
1.3863
1.3864
1.3864
1.387
1.3912
1.3872
1.3863
1.3869
1.3969
1.3865
1.4096
1.3879
1.3954
1.3864
1.3876
1.3883
1.4276
1.3865
1.3879
1.3864
1.3918
1.3933
1.4375
1.3943
1.389
1.3981
1.3926
1.3864
1.4047
1.3965
1.3866
1.3868
1.387
1.3885
1.386
1.3872
1.4128
1.3896
1.3863
1.3969
1.387
1.3918
1.387
1.3923
1.4016
1.3886
1.3864
1.3871
1.3865
1.384
1.3956
1.3881
1.4077
1.3893
1.3865
1.3876
1.4163
1.3932
1.3863
1.396
1.3868
1.4002
1.3884
1.386
1.3878
1.3937
1.3961
1.3908
1.3927
1.3866
1.3912
1.3919
1.384
1.3865
1.3945
1.3866
1.3826
1.3871
1.3865
1.3892
1.3939
1.3862
1.3867
1.3863
1.3901
1.3913
1.3832
1.3915
1.3859
1.4002
1.3888
1.3865
1.3702
1.3885
1.404
1.3862
1.3883
1.3871
1.3868
1.3865
1.3866
1.3897
1.3939
1.389
1.3912
1.3866
1.3864
1.3952
1.391
1.3866
1.3863
1.3868
1.3969
1.3857
1.3813
1.3898
1.3866
1.3892
1.3864
1.386
1.4231
1.3938
1.3862
1.384
1.4056
1.3863
1.3874
1.3883
1.3921
1.3935
1.3864
1.3856
1.3867
1.4001
1.3938
1.3875
1.3936
1.3904
1.3933
1.3864
1.3921
1.3956
1.3872
1.3868
1.3933
1.3863
1.3981
1.3875
1.3968
1.3908
1.4119
1.3865
1.4588
1.3862
1.3877
1.3917
1.3867
1.3868
1.3867
1.392
1.3866
1.3932
1.3894
1.382
1.3863
1.3878
1.3868
1.3962
1.3864
1.3864
1.3905
1.3922
1.3865
1.4068
1.3838
1.388
1.3865
1.3864
1.3859
1.3872
1.3804
1.3864
1.4084
1.3888
1.3916
1.3733
1.4058
1.3857
1.3956
1.3884
1.3883
1.3953
1.4217
1.3864
1.3931
1.3949
1.3886
1.3866
1.396
1.3895
1.3885
1.3864
1.3864
1.3908
1.3939
1.3866
1.3919
1.3857
1.3872
1.3869
1.3869
1.3868
1.3942
1.3951
1.3863
1.3959
1.3936
1.3954
1.3896
1.3902
1.386
1.3934
1.3945
1.3864
1.3892
1.3917
1.39
1.3871
1.3828
1.3917
1.387
1.4031
1.4027
1.3863
1.3844
1.387
1.3869
1.4277
1.3864
1.3888
1.3897
1.3889
1.3866
1.3857
1.3864
1.3971
1.3867
1.407
1.3864
1.3835
1.3865
1.3778
1.3877
1.3998
1.3894
1.3882
1.397
1.3885
1.3889
1.3869
1.3866
1.3872
1.3866
1.3866
1.3883
1.3877
1.3968
1.396
1.3977
1.3966
1.3869
1.3864
1.3867
1.3869
1.3818
1.3974
1.3835
1.3845
1.3797
1.3865
1.39
1.3896
1.3866
1.3924
1.3864
1.3941
1.3921
1.3917
1.3948
1.3863
1.391
1.3877
1.3886
1.3986
1.3792
1.387
1.3825
1.3873
1.3869
1.3874
1.3995
1.3745
1.3869
1.3844
1.3952
1.3868
1.3873
1.4022
1.3861
1.3863
1.3864
1.3953
1.3887
1.3865
1.3865
1.3905
1.3898
1.3999
1.3876
1.4299
1.387
1.3968
1.3857
1.3872
1.3882
1.3922
1.3864
1.416
1.3866
1.386
1.3814
1.4089
1.3863
1.3891
1.3818
1.397
1.3979
1.3625
1.3873
1.3898
1.3847
1.3912
1.3866
1.3856
1.3869
1.3774
1.3859
1.3846
1.3863
1.3898
1.3924
1.3986
1.388
1.3855
1.3875
1.4208
1.3954
1.3869
1.3901
1.3862
1.3914
1.386
1.3834
1.3864
1.3863
1.3882
1.3911
1.396
1.3877
1.3865
1.3913
1.3865
1.3868
1.3981
1.387
1.3936
1.3868
1.3864
1.3943
1.3768
1.3953
1.3936
1.3864
1.3904
1.3906
1.4051
1.3863
1.3865
1.3864
1.3889
1.3844
1.4285
1.3869
1.3667
1.3931
1.3866
1.3864
1.3865
1.392
1.3865
1.3951
1.3805
1.3864
1.3813
1.3862
1.3865
1.3863
1.3883
1.3893
1.3894
1.3938
1.3893
1.3882
1.3864
1.3912
1.3854
1.3866
1.3884
1.3891
1.3887
1.4098
1.3864
1.3931
1.3877
1.3867
1.3996
1.3917
1.3865
1.389
1.3883
1.3875
1.3863
1.3866
1.3887
1.3982
1.397
1.3876
1.3864
1.3817
1.3853
1.3769
1.3973
1.3898
1.3878
1.3864
1.4061
1.3866
1.3919
1.387
1.3868
1.3859
1.3863
1.3913
1.3875
1.3866
1.3865
1.3852
1.3893
1.3867
1.3905
1.4021
1.3864
1.3865
1.3862
1.3865
1.3892
1.3892
1.4025
1.3868
1.3917
1.3945
1.3923
1.4035
1.3973
1.387
1.3866
1.3846
1.3834
1.3901
1.412
1.3931
1.3913
1.4002
1.3861
1.3713
1.3864
1.4024
1.3929
1.4118
1.3885
1.379
1.3881
1.3876
1.3947
1.3864
1.413
1.3554
1.3902
1.3994
1.3887
1.3871
1.3937
1.3876
1.3937
1.3863
1.4024
1.3868
1.3866
1.3965
1.4265
1.3836
1.3895
1.3865
1.3904
1.3871
1.398
1.3922
1.3906
1.3901
1.3864
1.3886
1.418
1.3863
1.3806
1.3865
1.4002
1.413
1.3864
1.388
1.3865
1.3865
1.3864
1.396
1.3869
1.3872
1.4062
1.3888
1.3868
1.3855
1.3866
1.3855
1.3912
1.3864
1.4098
1.3864
1.4296
1.3902
1.4019
1.3838
1.3797
1.3867
1.3862
1.3943
1.3871
1.3866
1.4132
1.3872
1.3915
1.3865
1.3864
1.3913
1.3946
1.4007
1.4194
1.3934
1.388
1.3869
1.3864
1.3867
1.4042
1.3864
1.3858
1.388
1.3863
1.3867
1.3925
1.3895
1.3876
1.3868
1.3826
1.3866
1.3868
1.3831
1.389
1.3865
1.3883
1.3862
1.3803
1.3898
1.3964
1.3864
1.3868
1.4199
1.3919
1.4243
1.3873
1.3865
1.3864
1.4005
1.3926
1.3875
1.3878
1.3965
1.3933
1.3881
1.3878
1.3922
1.3896
1.3897
1.3954
1.4096
1.3911
1.3867
1.3847
1.39
1.3866
1.3863
1.3979
1.3953
1.3863
1.3986
1.3853
1.4098
1.4198
1.4603
1.3864
1.3972
1.3864
1.3864
1.3959
1.3866
1.3866
1.3864
1.3665
1.3865
1.3856
1.3864
1.3875
1.3901
1.3838
1.3991
1.391
1.3888
1.3863
1.3864
1.3865
1.3876
1.3871
1.3866
1.3863
1.386
1.3864
1.3891
1.3873
1.3865
1.3911
1.3875
1.3843
1.3898
1.3869
1.3863
1.3858
1.3867
1.3795
1.3875
1.381
1.3982
1.3863
1.3935
1.3831
1.3908
1.3979
1.3865
1.4023
1.3863
1.3864
1.3864
